NC_017962.1_Enterococcus_faecium_DO_plasmid_2__complete_sequence
1 1268
9569 20889
22411 38795
39606 47989
48805 52496
53306 53626
64391 66247
NC_017960.1_Enterococcus_faecium_DO_chromosome__complete_genome
79922 80006
108930 109052
114074 116387
117732 118787
145037 145396
168635 170011
205254 211968
234835 234931
239242 245704
246071 265697
280992 285595
286644 288113
291043 296791
300143 345788
347165 351510
354101 354221
357640 365039
377827 377948
577369 582484
583871 590610
822471 823138
823855 825912
882649 916613
1063766 1065276
1445865 1447406
1456471 1457535
1871233 1874300
1875351 1878141
1879512 1885004
1887351 1915694
1943382 1944526
1959999 1962351
1992663 1992782
NC_017963.1_Enterococcus_faecium_DO_plasmid_3__complete_sequence
3940 8739
35198 40540
40966 41761
53031 55383
57201 68795
69311 69413
71885 72810
94160 103811
109042 109127
114657 114731
115847 115922
120580 121627
122584 132607
132997 137212
137634 137727
163419 173362
183511 184650
187352 187515
187970 191171
195486 195791
198368 198494
199404 232180
232467 234045
235833 241179
249800 251926
NC_017961.1_Enterococcus_faecium_DO_plasmid_1__complete_sequence
1 8864
12678 25273
28205 36262
