CP014530.1_Enterococcus_faecium_strain_E745_plasmid_pl1__complete_sequence
1 5833
23987 24610
25664 26825
81579 83016
148301 150174
151433 152197
195392 198814
217476 223688
CP014529.1_Enterococcus_faecium_strain_E745__complete_genome
250252 250459
253201 253619
258708 261048
402325 403929
786678 788965
938373 945388
1125219 1125904
1238603 1242676
1249027 1250385
1386924 1388925
1406316 1406503
1411493 1412047
1413439 1415198
1418029 1419458
1961579 1962396
2126182 2129513
2255140 2264054
2415225 2419982
2509124 2510697
2511276 2516179
2740881 2743538
CP014532.1_Enterococcus_faecium_strain_E745_plasmid_pl3__complete_sequence
CP014531.1_Enterococcus_faecium_strain_E745_plasmid_pl2__complete_sequence
4736 5435
10465 11168
15119 16133
17644 17958
20415 21119
23163 23863
31799 32423
CP014533.1_Enterococcus_faecium_strain_E745_plasmid_pl4__complete_sequence
1 7234
17181 17254
CP014534.1_Enterococcus_faecium_strain_E745_plasmid_pl5__complete_sequence
1 973
10050 12297
23397 25533
33152 36560
48645 48801
51950 55167
CP014535.1_Enterococcus_faecium_strain_E745_plasmid_pl6__complete_sequence
29546 32206
